LRULRULRULRULRULRULRUAlgoritmo Lru-------------------
4, 3, 2, 1, 4, 3, 5, 4, 3, 2, 1, 5
 4  3  2  1  4  3  5  4  3  2  1  5
  0 0 0 0 0 0 0 0 0 0 0 0
  0 0 0 0 0 0 0 0 0 0 0 0
 Fallos    | 1 1 1 1 1 1 1 1 1 1 1 1
 

Numero de Fallos=12
Razon de fallos=1.0
Rendimiento=0.0%
[4]
[4,  3]
[4,  3,  2]
[ 3,  2,  1]
[ 2,  1,  4]
[ 1,  4,  3]
[ 4,  3,  5]
[ 3,  5,  4]
[ 5,  4,  3]
[ 4,  3,  2]
[ 3,  2,  1]
[ 2,  1,  5]
LRUAlgoritmo Lru-------------------
4, 3, 2, 1, 4, 3, 5, 4, 3, 2, 1, 5
 4 4 4  1  1  1  5  5  5  2  2  2
  
  -1  3  3  3  4  4  4  4  4  4  1  1
  
  -1 
  -1  2  2  2  3  3  3  3  3  3  5
 Fallos    | 1 1 1 1 1 1 1 0 0 1 1 1
 

Numero de Fallos=10
Razon de fallos=0.8333333
Rendimiento=16.666668%
[4]
[4,  3]
[4,  3,  2]
[ 3,  2,  1]
[ 2,  1,  4]
[ 1,  4,  3]
[ 4,  3,  5]
[ 3,  5,  4]
[ 5,  4,  3]
[ 4,  3,  2]
[ 3,  2,  1]
[ 2,  1,  5]
LRUAlgoritmo Lru-------------------
4, 3, 2, 1, 4, 3, 5, 4, 3, 2, 1, 5
 4 4 4  1  1  1  5  5  5  2  2  2
     3  3  3  4  4  4  4  4  4  1  1
       2  2  2  3  3  3  3  3  3  5
 Fallos    | 1 1 1 1 1 1 1 0 0 1 1 1
 

Numero de Fallos=10
Razon de fallos=0.8333333
Rendimiento=16.666668%
[4]
[4,  3]
[4,  3,  2]
[ 3,  2,  1]
[ 2,  1,  4]
[ 1,  4,  3]
[ 4,  3,  5]
[ 3,  5,  4]
[ 5,  4,  3]
[ 4,  3,  2]
[ 3,  2,  1]
[ 2,  1,  5]
LRUAlgoritmo FIFO-------------------

---------Algoritmo Fifo---------
Referecnia| 4 3 2 1 4 3 5 4 3 2 1 5
-------------------------
Marco 0   | 4 4 4 1 1 1 5 5 5 5 5 5
Marco 1   | null 3 3 3 4 4 4 4 4 2 2 2
Marco 2   | null null 2 2 2 3 3 3 3 3 1 1
Fallos    | 1 1 1 1 1 1 1 0 0 1 1 0

Numero de Fallos=9
Razon de fallos=0.75
Rendimiento=25.0%
[4]
[4, 3]
[4, 3, 2]
[3, 2, 1]
[2, 1, 4]
[1, 4, 3]
[4, 3, 5]
[4, 3, 5]
[4, 3, 5]
[3, 5, 2]
[5, 2, 1]
[5, 2, 1]
Algoritmo Fifo
4, 3, 2, 1, 4, 3, 5, 4, 3, 2, 1, 5


FIFOAlgoritmo FIFO-------------------

---------Algoritmo Fifo---------
Referecnia| 4 3 2 1 4 3 5 4 3 2 1 5
-------------------------
Marco 0   | 4 4 4 1 1 1 5 5 5 5 5 5
Marco 1   | 3 3 3 4 4 4 4 4 2 2 2
Marco 2   | 2 2 2 3 3 3 3 3 1 1
Fallos    | 1 1 1 1 1 1 1 0 0 1 1 0

Numero de Fallos=9
Razon de fallos=0.75
Rendimiento=25.0%
[4]
[4, 3]
[4, 3, 2]
[3, 2, 1]
[2, 1, 4]
[1, 4, 3]
[4, 3, 5]
[4, 3, 5]
[4, 3, 5]
[3, 5, 2]
[5, 2, 1]
[5, 2, 1]
Algoritmo Fifo
4, 3, 2, 1, 4, 3, 5, 4, 3, 2, 1, 5
---------Algoritmo Fifo---------
Referecnia| 4  3  2  1  4  3  5  4  3  2  1  5
-------------------------
Marco 0   | 4 4 4  1  1  1  5  5  5  5  5  5
Marco 1   |  3  3  3  4  4  4  4  4  2  2  2
Marco 2   |  2  2  2  3  3  3  3  3  1  1
Fallos    | 1 1 1 1 1 1 1 0 0 1 1 0

Numero de Fallos=9
Razon de fallos=0.75
Rendimiento=25.0%
[4]
[4,  3]
[4,  3,  2]
[ 3,  2,  1]
[ 2,  1,  4]
[ 1,  4,  3]
[ 4,  3,  5]
[ 4,  3,  5]
[ 4,  3,  5]
[ 3,  5,  2]
[ 5,  2,  1]
[ 5,  2,  1]
FIFO